Date,SoilMineralN,UptakeN,ResidueN,SoilOMN,FertiliserN,CropN,ProductN,LostN,RSWC,Drainage,Irrigation,Green cover
14/08/2022 12:00:00 am,50.397013858166531,0.054290225584480822,0,0.45130408375101383,0,124.26349322419991,56.483406010999957,0,1.7,0,0,0.01885968091708301
15/08/2022 12:00:00 am,48.145945085936468,0.049625248767512176,-2.6402603837994501,0.4388168603368971,0,124.31311847296742,56.505962942257916,0,1,105.45999999999998,0,0
16/08/2022 12:00:00 am,46.08184687380021,0,-2.4873544664889642,0.42325625435271153,0,0,0,0,1,0.15000000000000568,0,0
17/08/2022 12:00:00 am,43.871776633681428,0,-2.6767866613779194,0.46671642125913804,0,0,0,0,1,1.539999999999992,0,0
18/08/2022 12:00:00 am,41.663089583573139,0,-2.69006467663809,0.48137762652979826,0,0,0,0,1,2.5200000000000102,0,0
19/08/2022 12:00:00 am,39.605795339360931,0,-2.5201003959795862,0.46280615176737749,0,0,0,0,1,0.59000000000000341,0,0
20/08/2022 12:00:00 am,37.600435688035127,0,-2.4708549735044283,0.46549532217862444,0,0,0,0,1,0.33000000000001251,0,0
21/08/2022 12:00:00 am,35.645925324388656,0,-2.4228581795332893,0.46834781588681229,0,0,0,0,0.99655405405405406,0,0,0
22/08/2022 12:00:00 am,33.747760039048067,0,-2.3678924925875009,0.46972720724691525,0,0,0,0,1,0.084135135135142036,0,0
23/08/2022 12:00:00 am,31.864293496516549,0,-2.3651560190850596,0.48168947655354016,0,0,0,0,0.99128378378378379,0,0,0
24/08/2022 12:00:00 am,29.949061302948849,0,-2.4222450772127182,0.50701288364501829,0,0,0,0,0.99061710189919661,0,0,0
25/08/2022 12:00:00 am,27.98914220432928,0,-2.4982307918954376,0.53831169327587014,0,0,0,0,0.9908473339745425,0,0,0
26/08/2022 12:00:00 am,26.007777284893628,0,-2.547394480916239,0.5660295614805857,0,0,0,0,1,0.33913442727049414,0,0
27/08/2022 12:00:00 am,24.142220877071743,0,-2.4204594519964786,0.55490304417459391,0,0,0,0,1,0.020000000000010232,0,0
28/08/2022 12:00:00 am,22.416186892629064,0,-2.2602207716052405,0.53418678716256018,0,0,0,0,0.99006756756756753,0,0,0
29/08/2022 12:00:00 am,20.743234693343531,0,-2.2115992442091041,0.53864704492357252,0,0,0,0,0.98503981008035069,0,0,0
30/08/2022 12:00:00 am,19.122277018693687,0,-2.1643700507746857,0.5434123761248425,0,0,0,0,0.99437051457959069,0,0,0
31/08/2022 12:00:00 am,17.59461963935275,0,-2.0610660868647415,0.53340870752380432,0,0,0,0,0.9925356782831759,0,0,0
1/09/2022 12:00:00 am,16.117619444294544,0,-2.0143066435210315,0.53730644846282605,0,0,0,0,0.98790177430521631,0,0,0
2/09/2022 12:00:00 am,14.628689942666947,0,-2.0542666946472821,0.56533719301968499,0,0,0,0,0.98757594191501752,0,0,0
3/09/2022 12:00:00 am,13.206636079145111,0,-1.9865839824618803,0.56453011894004457,0,0,0,0,0.98584354806610852,0,0,0
4/09/2022 12:00:00 am,11.906018513670121,0,-1.8402714757032399,0.53965391022824993,0,0,0,0,0.98898869410314239,0,0,0
5/09/2022 12:00:00 am,10.668678625936769,0,-1.7736980538096034,0.53635816607625186,0,0,0,0,1,0.16684368611035438,0,0
6/09/2022 12:00:00 am,9.4839060401060209,0,-1.7216326487987033,0.53686006296795508,0,0,0,0,0.99195945945945951,0,0,0
7/09/2022 12:00:00 am,8.3585254308852797,0,-1.6587893167445458,0.53340870752380432,0,0,0,0,0.98098703433162893,0,0,0
8/09/2022 12:00:00 am,7.2785209318639534,0,-1.6158610718119775,0.53585657279065146,0,0,0,0,0.97233789397962611,0,0,0
9/09/2022 12:00:00 am,6.2676553425008139,0,-1.5361487262425371,0.52528313687939754,0,0,0,0,0.96610158033256277,0,0,0
10/09/2022 12:00:00 am,5.3375854589594036,0,-1.4360088057173215,0.50593892217591097,0,0,0,0,0.96029764219338287,0,0,0
11/09/2022 12:00:00 am,4.4154994759186925,0,-1.4476532042327008,0.52556722119198973,0,0,0,0,0.95653666213523358,0,0,0
12/09/2022 12:00:00 am,3.5074452391014712,0,-1.4518385630473318,0.54378432623011053,0,0,0,0,0.94556995048475745,0,0,0
13/09/2022 12:00:00 am,2.6022160530714404,0,-1.476658290643428,0.57142910461339724,0,0,0,0,0.94161253902517639,0,0,0
14/09/2022 12:00:00 am,1.730420077809256,0,-1.4537450406403849,0.58194906537820046,0,0,0,0,0.94006481048363699,0,0,0
15/09/2022 12:00:00 am,0.91487602674857305,0,-1.3922487671137986,0.57670471605311568,0,0,0,0,0.92887457031363196,0,0,0
16/09/2022 12:00:00 am,0.11066859331562706,0,-1.4083266634761173,0.60411923004317136,0,0,0,0,0.91914957728151903,0,0,0
17/09/2022 12:00:00 am,-0.64805929382935801,0,-1.3663378381637443,0.60760995101875925,0,0,0,0,0.90446296365727397,0,0,0
18/09/2022 12:00:00 am,-1.3118809981404984,0,-1.2306114349572539,0.5667897306461136,0,0,0,0,0.91101221289526402,0,0,0
19/09/2022 12:00:00 am,-1.8899185675151271,0,-1.1029299289024834,0.52489235952785485,0,0,0,0,0.91377624529728407,0,0,0
20/09/2022 12:00:00 am,-2.4346651018040442,0,-1.0706652337718197,0.5259186994829026,0,0,0,0,0.91013482560049841,0,0,0
21/09/2022 12:00:00 am,-2.9451597698435856,0,-1.0356326194307002,0.52513795139115871,0,0,0,0,0.90113966929130207,0,0,0
22/09/2022 12:00:00 am,-3.4368403498752573,0,-1.0323991081487236,0.54071852811705201,0,0,0,0,0.89132620101081739,0,0,0
23/09/2022 12:00:00 am,-3.903132445239291,0,-1.0169457969117559,0.55065370154772286,0,0,0,0,0.88302091126469595,0,0,0
24/09/2022 12:00:00 am,-4.3658867877287415,0,-1.0535143092381105,0.59075996674865972,0,0,0,0,0.87930976135229544,0,0,0
25/09/2022 12:00:00 am,-4.7828112916159133,0,-0.99581773108546656,0.57889322719829472,0,0,0,0,0.88168395376645381,0,0,0
26/09/2022 12:00:00 am,-5.1526859735201338,0,-0.92977710243114586,0.55990242052692496,0,0,0,0,0.87691340316483568,0,0,0
27/09/2022 12:00:00 am,-5.4965523409031665,0,-0.91391973105375257,0.57005336367072035,0,0,0,0,0.87499048311351402,0,0,0
28/09/2022 12:00:00 am,-5.7956532342107661,0,-0.84469998882714492,0.54559909551954577,0,0,0,0,0.86850415095491629,0,0,0
29/09/2022 12:00:00 am,-6.0617740960153137,0,-0.80221997545392298,0.53609911364937546,0,0,0,0,0.8590611810414277,0,0,0
30/09/2022 12:00:00 am,-6.3171840237099568,0,-0.82967529263385131,0.57426536493920854,0,0,0,0,0.84968831926356114,0,0,0
1/10/2022 12:00:00 am,-6.5446410014810015,0,-0.80668331587465048,0.5792263381036058,0,0,0,0,0.84293703797920116,0,0,0
2/10/2022 12:00:00 am,-6.7271152156880802,0,-0.71280094314143128,0.5303267289343524,0,0,0,0,0.83133337179712008,0,0,0
3/10/2022 12:00:00 am,-6.8902756853272678,0,-0.71023233865305713,0.54707186901387006,0,0,0,0,0.82560544314149886,0,0,0
4/10/2022 12:00:00 am,-7.034556019329945,0,-0.71685213580757079,0.57257180180489331,0,0,0,0,0.8332464249220255,0,0,0
5/10/2022 12:00:00 am,-7.1522437104009891,0,-0.68858465189757112,0.57089696082652708,0,0,0,0,0.82802302007568573,0,0,0
6/10/2022 12:00:00 am,-7.2387133589985879,0,-0.61588668660417056,0.52941703800657158,0,0,0,0,0.81683611362835906,0,0,0
7/10/2022 12:00:00 am,-7.3014116345540554,0,-0.56740691438542967,0.50470863882996175,0,0,0,0,0.80724946005050613,0,0,0
8/10/2022 12:00:00 am,-7.3473790970438282,0,-0.58033471245785506,0.53436724996808227,0,0,0,0,0.80899930171167855,0,0,0
9/10/2022 12:00:00 am,-7.3723540855876131,0,-0.53993291739087113,0.51495792884708635,0,0,0,0,0.83108309681905679,0,0,0
10/10/2022 12:00:00 am,-7.3790426319475859,0,-0.47485396527400781,0.46816541891403507,0,0,0,0,0.82832375348796272,0,0,0
11/10/2022 12:00:00 am,-7.3682650529224887,0,-0.53075293345710861,0.54153051248220552,0,0,0,0,0.83278789869224457,0,0,0
12/10/2022 12:00:00 am,-7.3324051064130549,0,-0.58208276963500793,0.61794271614444185,0,0,0,0,0.8330692250701045,0,0,0
13/10/2022 12:00:00 am,-7.2752656170865269,0,-0.53452210975324022,0.59166159907976867,0,0,0,0,0.82992124701129832,0,0,0
14/10/2022 12:00:00 am,-7.1959106048351247,0,-0.51640773979592325,0.59576275204732576,0,0,0,0,0.83234197512049835,0,0,0
15/10/2022 12:00:00 am,-7.0993034839582485,0,-0.47787924539781557,0.5744863662746913,0,12.626537591024045,5.7393352686472925,0,0.83138880599999343,0,0,0.007480148738676611
16/10/2022 12:00:00 am,164.59041278245385,0.41387515593107693,-0.41480283532999351,0.51839425767318326,215,13.040412746955122,5.9274603395250551,42.999999999999993,0.81909098447915163,0,0,0.0082827725370598557
17/10/2022 12:00:00 am,164.24386366410729,0.47781234586137167,-0.43839669352742305,0.5696599210422354,0,13.518225092816493,6.1446477694620416,0,0.80582433927888453,0,0,0.0092801125934359376
18/10/2022 12:00:00 am,163.86138047412155,0.55428023185883468,-0.47971074632440036,0.65150778819746935,0,14.072505324675328,6.3965933293978754,0,0.81649776789552808,0,0,0.010535911580450429
19/10/2022 12:00:00 am,163.52614218350794,0.51953684718651694,-0.43583373213601817,0.62013228870892667,0,14.592042171861845,6.6327464417553834,0,0.86420634817400754,0,0,0.011813427451810733
20/10/2022 12:00:00 am,163.21238377609168,0.50150501294589489,-0.38537259824602188,0.57311920377567305,0,15.09354718480774,6.8607032658216989,0,0.85865926330134357,0,0,0.013142509054313521
21/10/2022 12:00:00 am,162.86521301873216,0.57207979951130561,-0.40470094140405877,0.6296099835558423,0,15.665626984319045,7.1207395383268377,0,0.85335829543732455,0,0,0.014778114588971573
22/10/2022 12:00:00 am,162.51373339534697,0.59428420981254781,-0.38433483656648093,0.62713942299384973,0,16.259911194131593,7.3908687246052693,0,0.84885246928257929,0,0,0.016617236007859987
23/10/2022 12:00:00 am,162.18591825148641,0.5720747053305999,-0.34409582438350128,0.58835538585351699,0,16.831985899462193,7.6509026815737231,0,0.85881444223703307,0,0,0.018527519608542844
24/10/2022 12:00:00 am,161.83599164331935,0.6130928332154113,-0.33285352027935744,0.5960197453277033,0,17.445078732677604,7.9295812421261838,0,0.84072478185083477,0,0,0.020732654700396126
25/10/2022 12:00:00 am,161.43955591063951,0.69975148614706839,-0.3443480609106615,0.64766381437790221,0,18.144830218824673,8.247650099465762,0,0.82524164054897431,0,0,0.023456287815060737
26/10/2022 12:00:00 am,161.04612060446235,0.71666965210965827,-0.32929216324799881,0.65252650918050614,0,18.861499870934331,8.5734090322428766,0,0.843048688314885,0,0,0.026482538228495538
27/10/2022 12:00:00 am,160.65560710818625,0.72897653797107154,-0.31060300004543251,0.64906604174039495,0,19.590476408905403,8.9047620040479085,0,0.85607753756760518,0,0,0.029815193620016819
28/10/2022 12:00:00 am,160.25353402789599,0.74973193892820333,-0.28869663250414135,0.63635549114208423,0,20.340208347833606,9.2455492490152764,0,0.84790141744098235,0,0,0.033519174007474409
29/10/2022 12:00:00 am,159.83432435981163,0.79108780697129077,-0.28012027058134947,0.65199840946829846,0,21.131296154804897,9.6051346158204058,0,0.85240742956936055,0,0,0.037740694709690902
30/10/2022 12:00:00 am,159.39650462707669,0.83210963490821399,-0.26945749188423918,0.66374739405751193,0,21.963405789713111,9.9833662680514141,0,0.85486739061716988,0,0,0.042538056170729324
31/10/2022 12:00:00 am,158.93962369644663,0.85714986600379817,-0.24867974635654377,0.64894868173026909,0,22.820555655716909,10.372979843507684,0,0.84376672949569431,0,0,0.047872301326788068
1/11/2022 12:00:00 am,158.43573618557429,0.94108054116487949,-0.24692948719533092,0.68412251748785036,0,23.761636196881788,10.800743725855359,0,0.83681445129583576,0,0,0.054198211890063137
2/11/2022 12:00:00 am,157.86461469415781,1.0513049364326754,-0.24549676297158385,0.72568020798779742,0,24.812941133314464,11.278609606052029,0,0.81956175972184853,0,0,0.061857593174710609
3/11/2022 12:00:00 am,157.23224316353253,1.1464679893543313,-0.23699067272271179,0.75108713145175277,0,25.959409122668795,11.799731419394908,0,0.8056131878270808,0,0,0.070934492048967401
4/11/2022 12:00:00 am,156.58258628698059,1.1462398612373832,-0.20680861842770071,0.70339160311314264,0,27.105648983906178,12.320749538139172,0,0.79425156579009071,0,0,0.080772519228457546
5/11/2022 12:00:00 am,155.92729350697488,1.1254371965203838,-0.17816078527113177,0.64830520178582629,0,28.231086180426562,12.832311900193888,0,0.78374988932813361,0,0,0.091176245498559946
6/11/2022 12:00:00 am,155.29959266219808,1.0749940877550337,-0.15527618515915265,0.60256942813737879,0,29.306080268181596,13.32094557644618,0,0.79866477258697011,0,0,0.10179886524477177
7/11/2022 12:00:00 am,154.70309916201435,1.0013946941708944,-0.12972892567610472,0.5346301196632679,0,30.30747496235249,13.776124982887495,0,0.79157054994161591,0,0,0.11228930330532917
8/11/2022 12:00:00 am,154.03950322700737,1.1004914030141961,-0.12944467082451183,0.56634013883171652,0,31.407966365366686,14.276348347893949,0,0.78687431933197549,0,0,0.12446713142979857
9/11/2022 12:00:00 am,153.27949209986215,1.2723751413653837,-0.13908434459851549,0.65144835881868524,0,32.68034150673207,14.854700684878212,0,0.80255198003567363,0,0,0.13936997992168493
10/11/2022 12:00:00 am,152.48483650797141,1.3265683385180438,-0.13117441881702518,0.66308716544433788,0,34.006909845250114,15.457686293295506,0,0.81271004859623841,0,0,0.15580798419906072
11/11/2022 12:00:00 am,151.6296595463478,1.4186660789317287,-0.12563954971476221,0.68912866702287245,0,35.425575924181842,16.102534510991745,0,0.81695797312835083,0,0,0.17434493269785784
12/11/2022 12:00:00 am,150.76926723230127,1.4408907602350496,-0.11641796017427453,0.69691640636281527,0,36.866466684416892,16.757484856553134,0,0.84561703480286676,0,0,0.19410804752754227
13/11/2022 12:00:00 am,149.88218506019911,1.4467828758296193,-0.10085627434652622,0.66055697807395719,0,38.313249560246511,17.415113436475686,0,0.83274130938834534,0,0,0.21480859466445812
14/11/2022 12:00:00 am,148.93741437338787,1.5336251529225109,-0.095081353814734371,0.68393581992600971,0,39.846874713169022,18.112215778713193,0,0.84077904533946135,0,0,0.23757416070016396
15/11/2022 12:00:00 am,147.91149664024718,1.6310782963644002,-0.086920333806304484,0.69208089703001985,0,41.477953009533422,18.853615004333371,0,0.82847791830360473,0,0,0.26256956394004777
16/11/2022 12:00:00 am,146.75876200855907,1.7886671229264195,-0.080538651043440268,0.7164711422817599,0,43.266620132459842,19.666645514754475,0,0.80705536800386857,0,0,0.29071321608079465
17/11/2022 12:00:00 am,145.47989055067814,1.9302751861406691,-0.071976225776296587,0.72337995403601518,0,45.196895318600511,20.544043326636597,0,0.78139458226248248,0,0,0.32169259325879473
18/11/2022 12:00:00 am,144.20501638134439,1.9153328955315132,-0.061231998862240289,0.70169072506001395,0,47.112228214132024,21.414649188241828,0,0.80108209699837907,0,0,0.35278339393627572
19/11/2022 12:00:00 am,142.99008023757014,1.8151542527426585,-0.049466589382745951,0.64968469835114784,0,48.927382466874683,22.239719303124854,0,0.82132748768620256,0,0,0.38232778570201797
20/11/2022 12:00:00 am,141.74834767016378,1.8529458664867562,-0.043076390746364268,0.65428968982677083,0,50.780328333361439,23.0819674242552,0,0.83875650579809824,0,0,0.41234116652619601
21/11/2022 12:00:00 am,140.37820331090867,2.0464140175033023,-0.039701436254134137,0.71597109450232144,0,52.826742350864741,24.012155614029425,0,0.85270934553302125,0,0,0.44506895178754874
22/11/2022 12:00:00 am,138.80885497183402,2.3415745933921244,-0.035887204271929818,0.80811345858939032,0,55.168316944256865,25.07650770193494,0,0.85824998359603943,0,0,0.48167123016397978
23/11/2022 12:00:00 am,137.11509996922607,2.4742931727781468,-0.026852905801135307,0.80739107597133031,0,57.642610117035012,26.201186416834094,0,0.84306308526668639,0,0,0.51904087659479237
24/11/2022 12:00:00 am,135.25621471957513,2.649228420387395,-0.018323740073199701,0.80866691080967057,0,60.291838537422407,27.405381153373821,0,0.81769639716871789,0,0,0.55724803350529784
25/11/2022 12:00:00 am,133.23162299410529,2.844057972257545,-0.010335362299557005,0.82980160908726819,0,63.135896509679952,28.698134777127251,0,0.80890314403377284,0,0,0.5959138463066832
26/11/2022 12:00:00 am,131.03517151873132,3.0252505185320331,-0.002197074382735309,0.83099611754078195,0,66.161147028211985,30.073248649187263,0,0.79057574123444962,0,0,0.63417044834904401
27/11/2022 12:00:00 am,128.77473552138721,3.0527377839344609,0.005057420116017397,0.78724436647433904,0,69.213884812146446,31.46085673279384,0,0.77991953971726624,0,0,0.66968279845356482
28/11/2022 12:00:00 am,126.6131012812285,2.9176871550562566,0.01086529581674256,0.74518761908079734,0,72.131571967202703,32.787078166910312,0,0.81601041212022118,0,0,0.70073545454820951
29/11/2022 12:00:00 am,124.34483520431787,3.0033171927835269,0.015822034922379657,0.71922908095052884,0,75.13488915998623,34.15222234544828,0,0.79538662033141383,0,0,0.72984121567349436
30/11/2022 12:00:00 am,121.91211726136775,3.1926384531770395,0.02143846238179492,0.73848204784512472,0,78.327527613163269,35.603421642346937,0,0.79263043425211444,0,0,0.75776437425447074
1/12/2022 12:00:00 am,119.49550482321322,3.1432627168405247,0.025012965456355118,0.7016373132296343,0,81.470790330003794,37.032177422728992,0,0.79968391743881906,0,0,0.78242362881694749
2/12/2022 12:00:00 am,116.96710511184068,3.2491121920262884,0.028885447353744098,0.69182703330000339,0,84.719902522030083,38.509046600922758,0,0.78956287019657778,0,0,0.80520160169789146
3/12/2022 12:00:00 am,114.11752833903917,3.6218289994495905,0.03516871895212148,0.73708350769596476,0,88.341731521479673,40.15533250976349,0,0.77044597050920949,0,0,0.82765393483972916
4/12/2022 12:00:00 am,110.99345986308344,3.908550069217938,0.039903307999551885,0.74457828526265291,0,92.250281590697611,41.931946177589822,0,0.74066947623451485,0,0,0.84879390301728297
5/12/2022 12:00:00 am,107.52969113082541,4.2727813960519825,0.045267436139056372,0.76374522765490072,0,96.523062986749594,43.874119539431632,0,0.7104846771144222,0,0,0.86870436145870944
6/12/2022 12:00:00 am,104.02232419092402,4.2912231862202361,0.047582211918737016,0.73627403440011441,0,100.81428617296983,45.82467553316809,0,0.71412238361555369,0,0,0.88581020946082634
7/12/2022 12:00:00 am,100.61816481397638,4.1379942907411618,0.047652005534928321,0.68618290825859329,0,104.95228046371099,47.70558202895954,0,0.72703706060197393,0,0,0.89996546457831639
8/12/2022 12:00:00 am,97.059526039043007,4.2908890181172978,0.05035746409838282,0.68189277908554113,0,109.24316948182829,49.655986128103763,0,0.71909261090141918,0,0,0.91258062834557785
9/12/2022 12:00:00 am,93.26789826960426,4.5445792885429483,0.054528344531405537,0.6984231745727929,0,113.78774877037124,51.721703986532376,0,0.7142930359541837,0,0,0.92400231460043858
10/12/2022 12:00:00 am,89.374189018598742,4.9020355562067977,0.077089410776267187,0.9312368944250109,0,118.68978432657804,53.949901966626371,0,0.89473239827837281,0,29.600000000000009,0.93444732357679139
11/12/2022 12:00:00 am,85.199278454941151,5.2112970182479614,0.083720543086343469,0.95266591150402102,0,123.901081344826,56.318673338557268,0,0.88511255849801285,0,0,0.94378157606528312
12/12/2022 12:00:00 am,80.953543075239509,5.2448938885586642,0.084664883753859499,0.91449362510316912,0,129.14597523338466,58.70271601517485,0,0.87920410284329809,0,0,0.95165994097616691
13/12/2022 12:00:00 am,76.611708528679927,5.3163684883045903,0.086010965747078671,0.88852297599792529,0,134.46234372168925,61.119247146222392,0,0.87403935413688505,0,0,0.9583712410846672
14/12/2022 12:00:00 am,72.20825244703812,5.3430867722553899,0.085885787845640493,0.85374490276793824,0,139.80543049394464,63.547922951793012,0,0.86687488649657074,0,0,0.96405310052020787
15/12/2022 12:00:00 am,67.522455453291684,5.6388351253879989,0.089842146477252527,0.86319598516431106,0,145.44426561933264,66.111029826969371,0,0.85149440357206618,0,0,0.96909966224790833
16/12/2022 12:00:00 am,62.531439409906667,6.0246972527108369,0.10030212881329703,0.93337908051252549,0,151.46896287204348,68.849528578201571,0,0.87606508152792262,0,0,0.97360956043041424
17/12/2022 12:00:00 am,57.337380568351023,6.3127906764520674,0.11161581486537386,1.0071160200310547,0,157.78175354849554,71.718978885679789,0,0.91813167457583122,0,0,0.97754038100682716
18/12/2022 12:00:00 am,52.192714274605009,6.2790808851328279,0.11612787993961149,1.018286711447201,0,164.06083443362837,74.573106560740172,0,0.96246364494028092,0,0,0.98079588541665819
19/12/2022 12:00:00 am,46.985368434880073,6.3115357980029216,0.1156085961702189,0.98858136210776737,0,170.37237023163129,77.441986468923304,0,0.95789376489830858,0,0,0.9835337694530959
20/12/2022 12:00:00 am,41.580628254143562,6.52714715414956,0.11986108681348639,1.0025458865995533,0,176.89951738578085,80.408871538991292,0,0.96251235862825535,0,0,0.98590568331053419
21/12/2022 12:00:00 am,36.120830213542092,6.5579290946004107,0.11932606756613495,0.97880498643281977,0,183.45744648038126,83.389748400173289,0,0.99514009143526005,0,0,0.98790423312728814
22/12/2022 12:00:00 am,30.544928404064905,6.6678738871661665,0.12046512608426951,0.97150695160471168,0,190.12532036754743,86.420600167066993,0,0.98456071579052473,0,0,0.98961278485726301
23/12/2022 12:00:00 am,196.81665270885981,6.822935703907774,0.12237811764485684,0.97228189105784146,215,196.94825607145521,89.521934577934175,42.999999999999993,0.95985590688770617,0,0,0.99108401175198224
24/12/2022 12:00:00 am,190.88556636755968,7.0079769407983861,0.121795827052253,0.95509477244600294,0,203.95623301225359,92.707378641933445,0,0.93959538211327553,0,0,0.99235555172209444
25/12/2022 12:00:00 am,184.53147053856463,7.471172913895856,0.12764017683196016,0.98943690806884921,0,211.42740592614945,96.103366330067914,0,0.92394596950607721,0,0,0.99349203269878905
26/12/2022 12:00:00 am,177.78095579689261,7.9086990867739928,0.13355792327001836,1.024626421831959,0,219.33610501292344,99.698229551328822,0,0.91404063152309301,0,0,0.9944941047577035
27/12/2022 12:00:00 am,170.98260437829117,7.924898206051239,0.13093882611369168,0.99560796133611551,0,227.26100321897468,103.30045600862485,0,0.90840310451499007,0,0,0.99532960624467937
28/12/2022 12:00:00 am,164.29576929406213,7.7635489534757767,0.12595662967011378,0.95075723957663727,0,235.02455217245046,106.82934189656838,0,0.90979884580576531,0,0,0.99601461298532679
29/12/2022 12:00:00 am,157.74615121746126,7.5806821768083523,0.12124389031473015,0.90982020989275769,0,242.60523434925881,110.27510652239036,0,0.91357766529056228,0,0,0.99657869352747031
30/12/2022 12:00:00 am,150.87776399622427,7.9908868530349082,0.13257467871368078,0.98992495308421813,0,250.59612120229372,113.90732781922439,0,0.94251862103223127,0,0,0.99708073203238723
31/12/2022 12:00:00 am,143.70051073352727,8.3312153074079447,0.13679526194786717,1.0171667827630837,0,258.92733650970166,117.6942438680462,0,0.93562401685481322,0,0,0.99752059771404167
1/01/2023 12:00:00 am,135.93961242069756,8.9884045891355981,0.14593793282210754,1.0815683434837684,0,267.91574109883726,121.77988231765329,0,0.91938584832970482,0,0,0.99791665238874427
2/01/2023 12:00:00 am,127.86411557312869,9.3169397688372442,0.1479011082132331,1.0935418130551264,0,277.2326808676745,126.01485493985203,0,0.90292418929497342,0,0,0.99825696738262193
3/01/2023 12:00:00 am,120.12497288348604,8.8710026674023084,0.13500131808950755,0.9968586596701523,0,286.10368353507681,130.04712887958036,0,0.89111763034978653,0,0,0.99852674629015303
4/01/2023 12:00:00 am,112.56597277288614,8.6029941054435994,0.12456799743988256,0.91942599740384645,0,294.70667764052041,133.9575807456911,0,0.86683142306297434,0,0,0.9987467999232652
5/01/2023 12:00:00 am,104.58230448771269,9.0895759980767252,0.13192461659802746,0.97398309630524482,0,303.79625363859714,138.08920619936234,0,0.86362005967355748,0,0,0.99894248978334221
6/01/2023 12:00:00 am,96.455208972937214,9.2470952683115115,0.13349500895758126,0.98650474457843884,0,313.04334890690865,142.29243132132208,0,0.86188018118246601,0,0,0.99910940461134146
7/01/2023 12:00:00 am,88.516999364267036,8.988648717888907,0.12503526218586103,0.92540384703288092,0,322.03199762479755,146.37818073854436,0,0.8448899642458958,0,0,0.99924586309316676
8/01/2023 12:00:00 am,80.742711939192759,8.7483287797178946,0.11574292485140347,0.85829842979226578,0,330.78032640451545,150.35469382023425,0,0.81602157071561976,0,0,0.99935830833895622
9/01/2023 12:00:00 am,72.694950366052296,9.0346584999523429,0.11702890608789573,0.86986802072397684,0,339.81498490446779,154.46135677475806,0,0.79593724442146163,0,0,0.99945676275263406
10/01/2023 12:00:00 am,64.56063872714077,9.1512957841499656,0.12029638325525127,0.89668776198319844,0,348.96628068861776,158.62103667664442,0,0.80638584773743005,0,0,0.99954111833060866
11/01/2023 12:00:00 am,56.828139733829175,8.6937602092498878,0.11338449111771354,0.84787672482059862,0,357.66004089786765,162.57274586266712,0,0.81225925875482874,0,0,0.99960919241859014
12/01/2023 12:00:00 am,48.952016327318063,8.8477680594745038,0.11425521981196596,0.85738943315143901,0,366.50780895734215,166.5944586169737,0,0.80088264774107498,0,0,0.99966827358544608
13/01/2023 12:00:00 am,41.219411740689395,8.6599237394784154,0.10867888174195173,0.81864027110782744,0,375.16773269682056,170.5307875894639,0,0.78222872390163267,0,0,0.99971763621693721
14/01/2023 12:00:00 am,33.50667262469517,8.6067038893225458,0.10440568525557126,0.789559088072738,0,383.77443658614311,174.44292572097413,0,0.75528440491420312,0,0,0.99975963027460324
15/01/2023 12:00:00 am,197.40282657861337,9.0360208768714756,0.10846063098665581,0.82371419980301308,215,392.81045746301459,178.55020793773389,42.999999999999993,0.73320496644923072,0,0,0.99979725970868039
16/01/2023 12:00:00 am,188.92707298911,9.4410757201003435,0.11185110216776195,0.85347102842919931,0,402.25153318311493,182.84160599232496,0,0.70754451467239099,0,0,0.99983057015694443
17/01/2023 12:00:00 am,180.6337816828858,9.2490103242853934,0.11024415791929698,0.84547486014187834,0,411.50054350740032,187.04570159427288,0,0.71033631649876727,0,0,0.99985815861970506
18/01/2023 12:00:00 am,172.83694490856146,8.7237749243999474,0.10643037147332279,0.82050777860228485,0,420.22431843180027,191.01105383263643,0,0.73385076718379916,0,0,0.99988029101281051
19/01/2023 12:00:00 am,164.93095135168625,8.8616574110387774,0.10919614210421003,0.84646771205933358,0,429.08597584283905,195.03907992856318,0,0.72883822988334734,0,0,0.99989947192853179
20/01/2023 12:00:00 am,157.12359561333375,8.7359611908863144,0.10556528839637735,0.82304016413744541,0,437.82193703372536,199.00997137896607,0,0.7070483852972842,0,0,0.99991558850841278
21/01/2023 12:00:00 am,149.9312031053679,8.3365458625315796,0.12930926705040235,1.0148440875153015,0,446.15848289625694,202.7993104073895,0,0.8989340422845592,0,29.600000000000009,0.99992874562028478
22/01/2023 12:00:00 am,142.7299739471116,8.4083288574652784,0.13547861322142296,1.0716210859875317,0,454.56681175372222,206.62127806987371,0,0.91516395602357625,0,0,0.9999401196887604
23/01/2023 12:00:00 am,135.69046203707171,8.2111350627802153,0.13053456987860557,1.0410885828617538,0,462.77794681650244,210.35361218931928,0,0.89729246720027278,0,0,0.99994963648311375
24/01/2023 12:00:00 am,128.8208229710263,7.9892953713765564,0.12382951804310949,0.99582678728801122,0,470.76724218787899,213.98511008539953,0,0.86983313135767781,0,0,0.99995758808791968
25/01/2023 12:00:00 am,121.75284146451389,8.2212860507153209,0.12658830765640516,1.0267162365465228,0,478.98852823859431,217.72205829027013,0,0.84161029848435309,0,0,0.9999646014242366
26/01/2023 12:00:00 am,114.72781493646181,8.2498167735319043,0.13333667660501192,1.0914535688748577,0,487.23834501212622,221.47197500551192,0,0.86016450039455894,0,0,0.99997060480702271
27/01/2023 12:00:00 am,108.23585552262313,7.630427681031108,0.12290062489957165,1.0155676422928646,0,494.86877269315733,224.94035122416238,0,0.85890784376087681,0,0,0.99997535606814647
28/01/2023 12:00:00 am,102.065884887891,7.2362761700250644,0.11418381967443736,0.95212171561850412,0,502.10504886318239,228.2295676650829,0,0.83677279768289847,0,0,0.99997924058281851
29/01/2023 12:00:00 am,95.793017479510524,7.366723246421202,0.11618569035972826,0.97767014768099014,0,509.47177210960359,231.57807823163799,0,0.81152288187678312,0,0,0.99998265009701615
30/01/2023 12:00:00 am,89.596149160578307,7.2750516400460015,0.11356599267701029,0.96461732843675296,0,516.74682374964959,234.88491988620436,0,0.78417836460698076,0,0,0.99998554318731381
31/01/2023 12:00:00 am,83.449009966078279,7.2134323205747251,0.11136753323044957,0.95492559284421807,0,523.96025607022432,238.16375275919285,0,0.75338115477775036,0,0,0.99998800372920815
1/02/2023 12:00:00 am,77.371422573908546,7.1918482076570172,0.11535898454133076,0.9989018309459341,0,531.15210427788134,241.43277467176421,0,0.75638798410495744,0,0,0.99999010211058126
2/02/2023 12:00:00 am,71.68315816226027,6.7279343140829724,0.10668697566075025,0.93298292677396844,0,537.88003859196431,244.49092663271102,0,0.73802993550627982,0,0,0.99999178332467686
3/02/2023 12:00:00 am,66.355442746362598,6.3010430408420461,0.099039866070214089,0.8742877588741782,0,544.18108163280635,247.35503710582108,0,0.72051647906364202,0,0,0.99999313995875705
4/02/2023 12:00:00 am,61.311266783184124,6.0226065542183278,0.098733941441238926,0.87969664959860827,0,550.20368818702468,250.09258553955667,0,0.73565841538246313,0,0,0.99999426190216012
5/02/2023 12:00:00 am,56.671495058914843,5.533140945482387,0.089422422351390196,0.80394679886172693,0,555.73682913250707,252.60764960568503,0,0.71723277343247649,0,0,0.99999515836046859
6/02/2023 12:00:00 am,52.591434851930728,5.154760716105443,0.1066458735550242,0.96805463556630844,0,560.89158984861251,254.95072265846022,0,0.896435509118236,0,29.600000000000009,0.99999588969303455
7/02/2023 12:00:00 am,48.749771407806861,4.8629685348475959,0.10040327136572103,0.92090181935799553,0,565.75455838346011,257.16116290157277,0,0.88146930270767643,0,0,0.99999649677899449
8/02/2023 12:00:00 am,44.896375171525165,4.8939501737007731,0.10134413357283734,0.93920980384622532,0,570.64850855716088,259.38568570780041,0,0.8557733674501824,0,0,0.99999703425934428
9/02/2023 12:00:00 am,41.098988771112488,4.9147541236710595,0.10775081540757014,1.0096169078507589,0,575.56326268083194,261.61966485492354,0,0.87014499757511055,0,0,0.99999750692099232
10/02/2023 12:00:00 am,37.599399495162743,4.5559138877795249,0.10083670628208097,0.95548790554766527,0,580.11917656861146,263.69053480391432,0,0.86542203070933943,0,0,0.99999789073392187
11/02/2023 12:00:00 am,34.162507152272497,4.5190277313121214,0.10226138170031618,0.97987400672155101,0,584.63820429992359,265.744638318147,0,0.85417879311618106,0,0,0.99999822468810962
12/02/2023 12:00:00 am,30.871779863845745,4.4339596693897647,0.1068893156716797,1.0363430652913805,0,589.07216396931335,267.76007453150601,0,0.87592879854314809,0,0,0.99999851133668305
13/02/2023 12:00:00 am,27.958844291077696,3.948698890790638,0.095822709679623586,0.93994060834297377,0,593.02086286010399,269.55493766368363,0,0.8764760992324977,0,0,0.99999873554530783
14/02/2023 12:00:00 am,25.375409847981018,3.5673293253111069,0.090126084807138795,0.8937687974072801,0,596.5881921854151,271.17645099337051,0,0.8995233993367141,0,0,0.9999989151269012
15/02/2023 12:00:00 am,22.868294067104102,3.514405760326099,0.091361886419406346,0.91592809302978018,0,600.10259794574119,272.77390815715512,0,0.89657745572061953,0,0,0.99999907248011144
16/02/2023 12:00:00 am,20.425582442236419,3.4623063162380276,0.091542841689403076,0.92805184968099086,0,603.56490426197922,274.34768375544508,0,0.88305043068086331,0,0,0.99999921004741499
17/02/2023 12:00:00 am,18.008065287121781,3.456566618067427,0.092321818573452674,0.94672764437936174,0,607.02147088004665,275.9188504000212,0,0.8594883593151188,0,0,0.99398578830559714
18/02/2023 12:00:00 am,15.596888310820134,3.5026080723907853,0.095924684650753989,0.99550641143839047,0,610.52407895243743,277.51094497838062,0,0.84099534244145102,0,0,0.97346325514878473
19/02/2023 12:00:00 am,13.311387322927317,3.3915264095786597,0.096109676848683989,1.0099157448371454,0,613.91560536201609,279.0525478918255,0,0.83835242860117976,0,0,0.95266371596931587
20/02/2023 12:00:00 am,11.248252431248886,3.2447074633031434,0.10145571248460783,1.0801168591401087,0,617.16031282531924,280.52741492059965,0,0.88835301718800519,0,0,0.93181600182938495
21/02/2023 12:00:00 am,9.3069716648722078,3.1806943140364865,0.10507232400611599,1.1343412236537043,0,620.34100713935572,281.97318506334352,0,0.89745453502620309,0,0,0.91037814442379461
22/02/2023 12:00:00 am,7.6783767358326145,2.8189244897182562,0.09961372236631405,1.0907158383123552,0,623.15993162907398,283.25451437685177,0,0.94357412399938634,0,0,0.89045779827275717
23/02/2023 12:00:00 am,6.2991312053560478,2.4562282340995125,0.089036274630984735,0.98794642899193608,0,625.61615986317349,284.37098175598788,0,0.96003206128411811,0,0,0.87231992565881389
24/02/2023 12:00:00 am,4.9604187024500561,2.4966641329858703,0.094577025018892869,1.0633746050609723,0,628.11282399615936,285.50582908916329,0,0.95827422589295597,0,0,0.8530619852141289
25/02/2023 12:00:00 am,3.6968715624564084,2.4429602190219839,0.095106489132504635,1.0843065898957693,0,630.55578421518135,286.61626555235512,0,0.94897305132646792,0,0,0.83333433890493935
26/02/2023 12:00:00 am,2.5391730814213815,2.2589557135971745,0.08769434936398568,1.0135628831981012,0,632.81473992877852,287.64306360399019,0,0.92830532792774378,0,0,0.81423296708175608
27/02/2023 12:00:00 am,1.4487798807185754,2.1873903460962083,0.08629460381344245,1.0107025415799118,0,635.00213027487473,288.63733194312488,0,0.9120581372998755,0,0,0.79486663297603177
28/02/2023 12:00:00 am,0.46960440007842408,2.0648979076345313,0.08437059370091049,1.0013518332934359,0,637.06702818250926,289.57592190114053,0,0.91613324772608207,0,0,0.77571708619238622
1/03/2023 12:00:00 am,-0.41138831244109042,1.9712140448683613,0.083687437892976391,1.006533894455911,0,639.03824222737762,290.47192828517166,0,0.92022332102052196,0,0,0.75656753940874077
2/03/2023 12:00:00 am,-1.2151695544471295,1.8534587153969824,0.079602629836713845,0.97007484355419005,0,640.89170094277461,291.31440951944302,0,0.90637357111358285,0,0,0.73770704238786755
3/03/2023 12:00:00 am,-1.9349718295045477,1.8291336007135897,0.083095420778889206,1.0262359048772247,0,642.72083454348819,292.14583388340372,0,0.91654482109656688,0,0,0.7181961834007573
4/03/2023 12:00:00 am,-2.5763457581091416,1.6652566168476142,0.075760075183950448,0.9481226130590279,0,644.38609116033581,292.9027687092435,0,0.90115458077381905,0,0,0.6995765611821938
5/03/2023 12:00:00 am,-3.1215341882555094,1.5095065724405003,0.07053711424070741,0.89378102805349768,0,645.89559773277631,293.58890806035288,0,0.90679189241509095,0,0,0.68192043817287062
6/03/2023 12:00:00 am,-3.6022753487487762,1.5329481310579922,0.076068823549505282,0.97613814701529145,0,647.4285458638343,294.28570266537923,0,0.91643789689739652,0,0,0.6631562910729214
7/03/2023 12:00:00 am,-4.0324618649367494,1.54758308224541,0.079763356044935563,1.0376332100124241,0,648.97612894607971,294.98914952094532,0,0.90583813839882843,0,0,0.64327207614223014
8/03/2023 12:00:00 am,-4.3810828041182504,1.3970456866607037,0.073892739317017231,0.97453200816226349,0,650.37317463274042,295.62417028760927,0,0.91063607699703364,0,0,0.62442362286147213
9/03/2023 12:00:00 am,-4.6660648731160563,1.2336980096087018,0.066080406425214733,0.88263553418567331,0,651.60687264234912,296.18494211015866,0,0.90949646198992118,0,0,0.60699633091434357
10/03/2023 12:00:00 am,-4.9152620886791283,1.1706448672332499,0.063472019927445444,0.85797563174281122,0,652.77751750958237,296.71705341344654,0,0.89514684989523852,0,0,0.58971356384860074
11/03/2023 12:00:00 am,-5.105448201061904,1.1651280530384156,0.066401179770082308,0.9085407608855488,0,653.94264556262078,297.24665707391847,0,0.90128684620199018,0,0,0.57172021611604329
12/03/2023 12:00:00 am,-5.2392743232060184,1.0878836704570176,0.064231737638053232,0.88982581067493505,0,655.0305292330778,297.74114965139893,0,0.90726407765887329,0,0,0.55413635554741303
13/03/2023 12:00:00 am,-5.3129025499846421,1.0000839124894583,0.061671216272017659,0.86478446943887333,0,656.03061314556726,298.19573324798512,0,0.92291466159900837,0,0,0.53723898816536586
14/03/2023 12:00:00 am,-5.3283010159149171,0.96544907945803971,0.062528393819732742,0.88752221970794176,0,656.9960622250253,298.63457373864782,0,0.93540224943680061,0,0,0.52019709590193286
15/03/2023 12:00:00 am,-5.2909273147930662,0.96336529653888192,0.065088992379088495,0.9356500052816169,0,657.95942752156418,299.07246705525642,0,0.93580525082605648,0,0,0.50240849175133906
16/03/2023 12:00:00 am,-5.1762020061371459,0.9478844723499833,0.06824904938324039,0.99436073162268146,0,658.90731199391416,299.50332363359729,0,0.95397536300126373,0,0,0.48406587555543212
17/03/2023 12:00:00 am,-5.0307782608776961,0.8602033324259537,0.063776229518822447,0.94185084816663489,0,659.76751532634012,299.89432514833635,0,0.9730706105673087,0,0,0.46662653986818781
18/03/2023 12:00:00 am,-4.860331751681656,0.79750912134682039,0.060646627984581869,0.90730900255825619,0,660.56502444768694,300.25682929440313,0,0.97407393887046267,0,0,0.44971712874602543
19/03/2023 12:00:00 am,-4.650146525494165,0.77362918598680608,0.060902044520176446,0.92291236765410201,0,661.33865363367374,300.6084789243971,0,0.96657523386246136,0,0,0.43256684282155333
20/03/2023 12:00:00 am,-4.4034596166392248,0.75838669281756665,0.061455990411459993,0.9436176112610708,0,662.09704032649131,300.95320014840513,0,0.95328332197612686,0,0,0.41497093851280731
21/03/2023 12:00:00 am,-4.1285245074263912,0.73863258820153987,0.061202068911342167,0.95236562850296858,0,662.83567291469285,301.28894223395127,0,0.94062526007021507,0,0,0.39701372200059659
22/03/2023 12:00:00 am,-3.8085337886847128,0.68834756018020471,0.060122547609651633,0.94821573131216297,0,663.52402047487305,301.60182748857864,0,0.96953566317482875,0,0,0.37947803639242828
23/03/2023 12:00:00 am,-3.491557474881688,0.62144177901961939,0.05527515053620391,0.88314294228639723,0,664.14546225389267,301.88430102449661,0,0.95889133245119607,0,0,0.36291789373361538
24/03/2023 12:00:00 am,-3.1565521526762268,0.59142395123046754,0.053932976848400926,0.87249629658753003,0,664.73688620512314,302.15313009323779,0,0.95471213895535922,0,0,0.34645410099572649
25/03/2023 12:00:00 am,-2.7803577610416141,0.58884848823640823,0.055514719493444886,0.90952816037756068,0,665.32573469335955,302.42078849698163,0,0.94952200284346244,0,0,0.3293158588113696
26/03/2023 12:00:00 am,-2.3751549761622073,0.56575092003436112,0.05517474846594439,0.91577895644785823,0,665.89148561339391,302.67794800608812,0,0.94956840113863294,0,0,0.31208126670608882
27/03/2023 12:00:00 am,-1.9149669627020103,0.55516056514773027,0.056974651845777657,0.95837392676221544,0,666.44664617854164,302.93029371751896,0,0.95900735899412448,0,0,0.29436492499618783
28/03/2023 12:00:00 am,-1.4118297514467031,0.54081543972506552,0.057816566494963695,0.98613608448549139,0,666.98746161826671,303.17611891739398,0,0.96709701672178716,0,0,0.27626318360259072
29/03/2023 12:00:00 am,-0.93611282054655476,0.48079187791790901,0.052301009612179428,0.90420779920592098,0,667.46825349618462,303.39466068008386,0,0.98687901517231724,0,0,0.2594019474408904
30/03/2023 12:00:00 am,-0.46183234448665189,0.44515850500272336,0.049673396874467812,0.86976558418814554,0,667.91341200118734,303.59700545508514,0,0.98762808950579006,0,0,0.24308267958438734
31/03/2023 12:00:00 am,0.070478066631267211,0.45010774352033422,0.052431292238424021,0.92998686239984774,0,668.36351974470767,303.80159988395803,0,0.98092615623535373,0,0,0.22582399999887548
1/04/2023 12:00:00 am,0.64766174155272438,0.44323748771785176,0.053761209069222105,0.96665995357014989,0,668.80675723242553,304.00307146928429,0,0.9734786269881841,0,0,0.20801130836805071
2/04/2023 12:00:00 am,1.2129154922548651,0.40664050029454302,0.05054952535235202,0.92134472564427283,0,669.21339773272007,304.18790806032723,0,0.98512193403669812,0,0,0.19088510992380958
3/04/2023 12:00:00 am,1.7582728351542301,0.36992282626397355,0.047026351660676369,0.86825381750272401,0,669.58332055898404,304.35605479953819,0,0.98404310268806594,0,0,0.17458992954753749
4/04/2023 12:00:00 am,2.328688695680853,0.35866913597772054,0.047167121346149088,0.8819178751582426,0,669.94198969496176,304.51908622498257,0,0.98743431394527581,0,0,0.15807796184918654
5/04/2023 12:00:00 am,2.9057795570471399,0.33940326243919117,0.04597205074534827,0.87052207306010887,0,670.28139295740095,304.6733604351823,0,1,2.8428475481975113,0,0.14174665025256827
6/04/2023 12:00:00 am,3.4591828055971519,0.30860609505646153,0.042739947146941404,0.81926939645951657,0,670.58999905245742,304.81363593293514,0,1,8.2189999999999941,0,0.12624635672391959
7/04/2023 12:00:00 am,4.0134504258941206,0.29123867183795937,0.041455982734944996,0.80405030939994837,0,670.88123772429537,304.94601714740702,0,1,1.6339999999999861,0,0.1109989817376964
8/04/2023 12:00:00 am,4.5452463991381933,0.26563890030195125,0.038680085376071816,0.75875478816992648,0,671.14687662459733,305.06676210208963,0,1,1.8230000000000359,0,0.0965224061188652
9/04/2023 12:00:00 am,5.0479074164150006,0.23938315368570784,0.035631138688003716,0.70641303227448216,0,671.38625977828303,305.17557262649223,0,1,0.30799999999999272,0,0.082973198488927369
10/04/2023 12:00:00 am,5.5598092194600781,0.23117483818646178,0.035333672739284339,0.70774296849223128,0,671.6174346164695,305.28065209839519,0,1,4.9619999999999891,0,0.069399903378758565
11/04/2023 12:00:00 am,6.1085649371423756,0.23369945950673809,0.036833810184020876,0.74562136700501747,0,671.85113407597623,305.38687912544367,0,1,4.0799999999999841,0,0.055152158822121877
12/04/2023 12:00:00 am,6.6907985132532986,0.23342485112698341,0.03799366897176526,0.7776647582661721,0,672.08455892710322,305.49298133050144,0,1,3.063999999999993,0,0.040350402220172055
13/04/2023 12:00:00 am,7.2531894633133334,0.21494147585201517,0.035828725767657943,0.74150370014438616,0,672.29950040295523,305.59068200134323,0,1,2.2059999999999889,0,0.026174920104228283
14/04/2023 12:00:00 am,7.7789722995010493,0.19233778773912036,0.032773009658299657,0.68534761426854429,0,672.49183819069435,305.6781082684974,0,1,1.7150000000000034,0,0.013011112157986782
15/04/2023 12:00:00 am,31.092467111656788,0.18392224658305167,22.818570119510554,0.67884693922824157,0,672.6757604372774,305.7617092896715,0,0.9973175675675674,0,0,0
16/04/2023 12:00:00 am,53.85332578389631,0,22.023458387582323,0.73740028465718754,0,0,0,0,0.99187540631848048,0,0,0
17/04/2023 12:00:00 am,75.293469015814367,0,20.654691197839099,0.78545203407893327,0,0,0,0,1,0.61055948502556134,0,0
18/04/2023 12:00:00 am,93.067330160737413,0,17.037825500355652,0.73603564456739301,0,0,0,0,1,3.5200000000000102,0,0
19/04/2023 12:00:00 am,107.48989396301306,0,13.75403668902122,0.66852711325439174,0,0,0,0,0.99459459459459454,0,0,0
20/04/2023 12:00:00 am,120.91653057318541,0,12.732779604856304,0.69385700531603745,0,0,0,0,0.99303140978816651,0,0,0
21/04/2023 12:00:00 am,133.74207503799244,0,12.082669793068916,0.74287467173806476,0,0,0,0,0.99905269184451051,0,0,0
22/04/2023 12:00:00 am,145.14787004377365,0,10.662920334043136,0.74287467173806476,0,0,0,0,1,0.90093516277414665,0,0
23/04/2023 12:00:00 am,155.24662693182421,0,9.3599903810395872,0.73876650701093727,0,0,0,0,0.99310810810810801,0,0,0
24/04/2023 12:00:00 am,164.39148710940492,0,8.393726400456913,0.75113377712378515,0,0,0,0,0.98574552593133657,0,0,0
25/04/2023 12:00:00 am,172.26414623683945,0,7.1481590979976843,0.72450002943685787,0,0,0,0,0.99591903891427946,0,0,0
26/04/2023 12:00:00 am,179.5332090221566,0,6.5206883842524945,0.74837440106469366,0,0,0,0,0.9992712108171754,0,0,0
27/04/2023 12:00:00 am,186.16425083902311,0,5.8660159185959486,0.76502589827052414,0,0,0,0,0.99644125178131404,0,0,0
28/04/2023 12:00:00 am,191.91646973273384,0,5.0100299057307325,0.74218898798002841,0,0,0,0,1,1.5979316363187479,0,0
29/04/2023 12:00:00 am,196.96550795403954,0,4.3238627854214258,0.72517543588431022,0,0,0,0,1,2.9900000000000091,0,0
30/04/2023 12:00:00 am,201.25014495654165,0,3.6038439663931001,0.68079303610901076,0,0,0,0,1,3.2600000000000193,0,0
1/05/2023 12:00:00 am,204.86535439530871,0,2.9851132957339246,0.63009614303316774,0,3.5663852812833206,3.2625820906554819,0,1,1.8799999999999955,0,0.0077268377003277613
2/05/2023 12:00:00 am,207.86270613880561,0.1569801216408262,2.5557421495055337,0.5985897156321307,0,3.7233654029241467,3.4061898315639412,0,1,0.030000000000001137,0,0.0088535102913983778
3/05/2023 12:00:00 am,210.61313168267662,0.16414846375403425,2.3146072083748948,0.59996679925011487,0,3.887513866678181,3.556355278035225,0,1,1.1700000000000159,0,0.010146109031272272
4/05/2023 12:00:00 am,213.16777665930346,0.17386036486163903,2.119870741702286,0.60863459978616019,0,4.06137423153982,3.7154053155197611,0,1,0.26000000000001933,0,0.01164903482455348
5/05/2023 12:00:00 am,215.6546398799639,0.19390461778086898,2.0319516208728601,0.64881621756842367,0,4.255278849320689,3.8927921325267043,0,0.99500000000000011,0,0,0.013495679110381364
6/05/2023 12:00:00 am,218.02796146731282,0.21296949363421902,1.9054980448740793,0.68079303610901076,0,4.468248342954908,4.0876197804068974,0,1,2.135413421903479,0,0.015741472098079884
7/05/2023 12:00:00 am,220.13691205292201,0.21830653860527782,1.6619344794957414,0.66532264471874958,0,4.6865548815601858,4.2873298360939476,0,1,0.58000000000001251,0,0.018291936550201997
8/05/2023 12:00:00 am,222.05884400523888,0.22868903421679931,1.4852983418149392,0.66532264471874958,0,4.9152439157769852,4.4965379525811677,0,1,1.0999999999999943,0,0.021246712074845221
9/05/2023 12:00:00 am,223.82028264707333,0.2406912152073275,1.3336027437873952,0.66852711325439174,0,5.1559351309843127,4.7167258420486124,0,0.99804054054054059,0,0,0.024684100941818173
10/05/2023 12:00:00 am,225.41486020006732,0.2499561448602261,1.1817676161361561,0.66276608171809881,0,5.4058912758445388,4.9453894264207445,0,1,1.6917130324046354,0,0.028625303118417697
11/05/2023 12:00:00 am,226.81576444316806,0.25082951534040632,1.0160581537701887,0.63567560467096851,0,5.6567207911849451,5.1748519830469686,0,1,1.6700000000000159,0,0.032976569328915344
12/05/2023 12:00:00 am,228.05397484673142,0.25133503562569182,0.87891326792987456,0.61063217125914693,0,5.9080558268106369,5.4047769971193604,0,1,0.82999999999998408,0,0.037749657619838055
13/05/2023 12:00:00 am,229.19544303761006,0.26204488672103388,0.79306267650326845,0.61045040109636151,0,6.1701007135316708,5.6444995416382309,0,1,0.080000000000012506,0,0.043180977614653344
14/05/2023 12:00:00 am,230.21559392440457,0.26364045037306116,0.69348094548774952,0.59031039167985788,0,6.4337411639047319,5.8856817314239587,0,0.99445945945945946,0,0,0.049127402111567402
15/05/2023 12:00:00 am,231.18588009219104,0.28310600116242313,0.64578498999260603,0.60760717895632832,0,6.7168471650671551,6.1446712954503235,0,1,1.0152299129326821,0,0.056064495084067724
16/05/2023 12:00:00 am,232.05113682683458,0.28359573504404523,0.56333270063949215,0.58551976904811809,0,7.0004429001112003,6.4041088752869131,0,0.99594594594594599,0,0,0.063597626041378322
17/05/2023 12:00:00 am,232.82200636084917,0.28183318843901528,0.49110638623258751,0.56159633622098715,0,7.2822760885502156,6.6619340513774192,0,1,1.614516193483098,0,0.071671339583261454
18/05/2023 12:00:00 am,233.53964270643871,0.29337805971737296,0.44826873892336039,0.5627456663835344,0,7.5756541482675885,6.9303206467484966,0,1,0.77000000000001023,0,0.0807030388613139
19/05/2023 12:00:00 am,234.22014187869206,0.3124070997009305,0.41730128592523386,0.57560498602899235,0,7.888061247968519,7.2161152898082381,0,1,0.35999999999998522,0,0.091025458864531908
20/05/2023 12:00:00 am,234.84195205769447,0.31939418170501099,0.37413522391973686,0.56706913678772342,0,8.20745542967353,7.508301818997638,0,1,0.72999999999998977,0,0.10232655376766453
21/05/2023 12:00:00 am,235.39876380500812,0.31784212267703538,0.32870768274054285,0.54594618725021327,0,8.5252975523505654,7.7990685015947765,0,1,0.61999999999997613,0,0.11431349130281014
22/05/2023 12:00:00 am,235.9104155058485,0.32512146509993478,0.29723118967056905,0.53954197626975264,0,8.8504190174505002,8.0964944344824943,0,0.99972972972972973,0,0,0.12732286702570092
23/05/2023 12:00:00 am,236.37383659750856,0.3259524902185067,0.26491504546275735,0.52445853641582818,0,9.1763715076690069,8.3946806014601663,0,1,1.4202089213079034,0,0.14110128985195633
24/05/2023 12:00:00 am,236.81215853000111,0.34589613925230367,0.24836149895423887,0.53585657279065146,0,9.5222676469213106,8.7111115140354194,0,1,1.3599999999999852,0,0.15649478477786891
25/05/2023 12:00:00 am,237.22040722525361,0.36166900703803684,0.22959187305937689,0.54032582923112549,0,9.8839366539593474,9.0419716797331802,0,1,2.3100000000000023,0,0.17339380000443058
26/05/2023 12:00:00 am,237.58428350608608,0.3570400720996556,0.20237017137462487,0.51854618155752352,0,10.240976726059003,9.3685972271724953,0,1,4.3799999999999955,0,0.19082629971341822
27/05/2023 12:00:00 am,237.90982460448515,0.35148630268693815,0.17915193634458149,0.49787546474148392,0,10.592463028745941,9.6901421040749902,0,1,2.6299999999999955,0,0.20865360235179842
28/05/2023 12:00:00 am,238.19666013213038,0.33187729030487922,0.15469019413180263,0.46402262381826631,0,10.92434031905082,9.9937483659464892,0,1,2.4500000000000171,0,0.22603288568912869
29/05/2023 12:00:00 am,238.45982164714292,0.33284486135323199,0.14105632303157734,0.45495005333417665,0,11.257185180404052,10.298239776147412,0,1,4.3499999999999943,0,0.24393481970048292
30/05/2023 12:00:00 am,238.70757941300434,0.35546611957131269,0.13502917125181568,0.46819471418092345,0,11.612651299975365,10.623425448495983,0,1,3.6200000000000045,0,0.26350392956370955
31/05/2023 12:00:00 am,238.94236994510243,0.39240802511049466,0.13239779570447752,0.49480076150412489,0,12.00505932508586,10.982406123319286,0,1,3.3000000000000114,0,0.28555319911917826
1/06/2023 12:00:00 am,239.15975705919038,0.42408005024875095,0.12727250257323419,0.51419466176344386,0,12.429139375334611,11.370360835954255,0,1,5.0400000000000205,0,0.30978645791149012
2/06/2023 12:00:00 am,239.35179558634172,0.42853805362722497,0.11560358504638657,0.50497299573213195,0,12.857677428961836,11.762393796124345,0,1,0.50999999999999091,0,0.33456382119041855
3/06/2023 12:00:00 am,239.51830241595957,0.41337397104171103,0.10161441961433582,0.47826638104523411,0,13.271051400003547,12.140554428892134,0,1,1.1299999999999955,0,0.35860938238964069
4/06/2023 12:00:00 am,239.66435478882698,0.39099147590711958,0.088821216571062678,0.44822263220350367,0,13.662042875910666,12.498239223518276,0,1,2.2299999999999898,0,0.3813730492148113
5/06/2023 12:00:00 am,239.79534333757289,0.37070001236016203,0.078575540555988255,0.42311302055010741,0,14.032742888270828,12.837361086677387,0,1,2.0800000000000125,0,0.40288323130364445
6/06/2023 12:00:00 am,239.91067514480255,0.40121686651525579,0.076655113574886968,0.43989356017002479,0,14.433959754786084,13.204400220119121,0,1,1.3599999999999852,0,0.42599359454231273
7/06/2023 12:00:00 am,240.00958245535912,0.42412897299005792,0.073423746888934716,0.44961253665768786,0,14.858088727776142,13.592399688002619,0,1,2.5500000000000114,0,0.45013309233287219
8/06/2023 12:00:00 am,240.09083496392651,0.4504578227578282,0.07052288624119285,0.4611874450840171,0,15.30854655053397,14.004485177710706,0,1,2.1899999999999693,0,0.47533827388303035
9/06/2023 12:00:00 am,240.15862952845413,0.43920519237139821,0.063570288321272983,0.44342946857774279,0,15.747751742905368,14.406276594435653,0,1,0.53000000000000114,0,0.499389572117175
10/06/2023 12:00:00 am,240.20346124230889,0.49740138075714668,0.064225388949154194,0.47800770566273043,0,16.245153123662515,14.861306746461636,0,1,0.64999999999997726,0,0.52590092240158925
11/06/2023 12:00:00 am,240.221962417008,0.56341503046843044,0.064841323298935549,0.51707488186861705,0,16.808568154130946,15.376727163223496,0,0.99993243243243235,0,0,0.55488327525936665
12/06/2023 12:00:00 am,240.22604248102897,0.53931187162778826,0.056956542964911705,0.48643539268385594,0,17.347880025758734,15.870097653194103,0,1,1.2100197944305364,0,0.58148918181560827
13/06/2023 12:00:00 am,240.22467227749922,0.49871412387036784,0.049270038651854975,0.44807388168874207,0,17.846594149629102,16.326328722068105,0,1,0.81000000000000227,0,0.60504404686598723
14/06/2023 12:00:00 am,240.21096311003396,0.50007834848453214,0.045691474242715913,0.44067770677657231,0,18.346672498113634,16.78380780382988,0,1,0.46000000000000796,0,0.62761690885651977
15/06/2023 12:00:00 am,240.17853626102419,0.5245139263379528,0.043864445124683016,0.44822263220350367,0,18.871186424451587,17.263640914220527,0,1,0.11999999999997613,0,0.6501474398983591
16/06/2023 12:00:00 am,240.14208559347344,0.50295585249991603,0.039513595491058595,0.42699158945809462,0,19.374142276951503,17.723752379285266,0,1,1.460000000000008,0,0.67064658866305982
17/06/2023 12:00:00 am,240.09518215300079,0.50537726893670509,0.03698188534849578,0.42149194311553784,0,19.879519545888208,18.186078991979212,0,1,2.8499999999999943,0,0.69016276831327361
18/06/2023 12:00:00 am,240.0407400069015,0.50173726887064163,0.034410880375986608,0.41288424239540444,0,20.381256814758849,18.645075678686801,0,1,2.8499999999999943,0,0.70848386782882034
19/06/2023 12:00:00 am,239.99809290504982,0.45472612945483348,0.030322676337362964,0.38175635126579166,0,20.835982944213683,19.061065878595478,0,1,4.0200000000000102,0,0.72420217512019258
20/06/2023 12:00:00 am,239.9572431424628,0.43724158111740152,0.027986645977193803,0.36840517255318356,0,21.273224525331084,19.46106095465473,0,1,4.5400000000000205,0,0.7385440254332557
21/06/2023 12:00:00 am,239.90806024802725,0.44346528579264444,0.0267473368671034,0.3675350544899682,0,21.716689811123729,19.866749567953931,0,1,2.3799999999999955,0,0.75234147112439254
22/06/2023 12:00:00 am,239.83842611958841,0.47510805149246238,0.026430973616001552,0.37904294943756117,0,22.191797862616191,20.301385452097037,0,1,3.4399999999999977,0,0.76631738441547692
23/06/2023 12:00:00 am,239.75050806289607,0.50110092063940215,0.025870888307906625,0.3873119756391431,0,22.692898783255593,20.759799998015303,0,1,1.8600000000000136,0,0.78019219557598651
24/06/2023 12:00:00 am,239.6639026282138,0.48630218089149224,0.024060495794714143,0.37563625041446796,0,23.179200964147086,21.204676437571592,0,1,1.4399999999999977,0,0.79284695777625624
25/06/2023 12:00:00 am,239.55813529040154,0.51355818100672224,0.023621681962794128,0.38416916123160322,0,23.692759145153808,21.674487069825894,0,0.99952702702702712,0,0,0.80538852447916509
26/06/2023 12:00:00 am,239.41860334972836,0.56910557092386327,0.023927644080330879,0.40564598617032033,0,24.261864716077671,22.195113277300681,0,0.99959494289132333,0,0,0.81835496324733559
27/06/2023 12:00:00 am,239.26476343575189,0.5841053572715218,0.02303897408181399,0.40722646921326111,0,24.845970073349193,22.72946151154537,0,1,0.070092691687420938,0,0.83070793931626985
28/06/2023 12:00:00 am,239.10335875925131,0.58586583586488672,0.021871540668144007,0.40258961869612769,0,25.43183590921408,23.265420257688437,0,1,1.0200000000000102,0,0.84219156456833533
29/06/2023 12:00:00 am,238.94953348532255,0.56010634715910257,0.020183347317910716,0.38609772591241409,0,25.991942256373182,23.777813841941395,0,1,6.0600000000000023,0,0.85238005201948897
30/06/2023 12:00:00 am,238.80684994529497,0.53062834109802282,0.018624522928277543,0.36932027814211621,0,26.522570597471205,24.26324050953847,0,1,1.210000000000008,0,0.86136882444142338
1/07/2023 12:00:00 am,238.63069131724995,0.58176320756206579,0.018832583980312734,0.38677199553672165,0,27.104333805033271,24.795446110530438,0,1,0.34000000000000341,0,0.87053386878442607
2/07/2023 12:00:00 am,238.42277877810733,0.62883897767905239,0.018890875516987649,0.40203556301940208,0,27.733172782712323,25.370717323444239,0,0.99817567567567578,0,0,0.87968890708347225
3/07/2023 12:00:00 am,238.19677944133036,0.6504299794677415,0.018413144897820644,0.4060174977929325,0,28.383602762180065,25.965740304661018,0,1,0.44012215419400036,0,0.88840234130324536
4/07/2023 12:00:00 am,237.93651661353482,0.700207535709783,0.018452764798738031,0.42149194311553784,0,29.083810297889848,26.606300531773307,0,1,0.54999999999998295,0,0.89699697108417031
5/07/2023 12:00:00 am,237.65148673713912,0.73197481776326967,0.018125711689322088,0.42881922967824176,0,29.815785115653117,27.27592193913452,0,1,1.7000000000000171,0,0.9051895083591821
6/07/2023 12:00:00 am,237.36821567028755,0.71704859268787757,0.017029637146563914,0.41674788868976337,0,30.532833708340995,27.931888614667503,0,1,0.75999999999999091,0,0.91250367338079275
7/07/2023 12:00:00 am,237.0951737447308,0.68960414126246405,0.015863529829942991,0.40069868587576224,0,31.222437849603459,28.562748699452051,0,1,0.90000000000000568,0,0.9189360598684172
8/07/2023 12:00:00 am,236.86001690766551,0.61990528015910229,0.014249368919834637,0.37049907417399791,0,31.842343129762561,29.129847233523527,0,1,0.92000000000001592,0,0.92425958179200618
9/07/2023 12:00:00 am,236.63935401429046,0.59106533658737703,0.013372300715218444,0.35703014249711745,0,32.433408466349938,29.670562559957165,0,1,0.76000000000001933,0,0.92896484312145466
10/07/2023 12:00:00 am,236.40992949682379,0.59936104177603511,0.013034272583226425,0.35690225172614487,0,33.032769508125973,30.218866920396724,0,1,1.4799999999999898,0,0.93339617783115603
11/07/2023 12:00:00 am,236.18132848266032,0.59303964997472036,0.012542414102881594,0.35189622170837215,0,33.625809158100694,30.761388377966188,0,0.99837837837837851,0,0,0.93747023250508921
12/07/2023 12:00:00 am,235.88070434740177,0.69866405368444617,0.013378015924885744,0.3846619025010295,0,34.32447321178514,31.400536604855294,0,1,1.3800753648544344,0,0.94190625804062778
13/07/2023 12:00:00 am,235.53370126429496,0.76410298662579379,0.013678251249359619,0.40342165226964766,0,35.088576198410934,32.099549337064815,0,1,2.8400000000000034,0,0.94634738321405387
14/07/2023 12:00:00 am,235.16898121307855,0.78387287970814157,0.013413985567666487,0.40573884292410267,0,35.872449078119075,32.816647860353378,0,1,2.3199999999999932,0,0.95050069783931157
15/07/2023 12:00:00 am,234.79111430956038,0.79640839723276002,0.013081178752770484,0.40546031496182311,0,36.668857475351835,33.545214060784822,0,1,0.069999999999964757,0,0.95434424898099435
16/07/2023 12:00:00 am,234.43521923737421,0.75569630554917921,0.012219079478526851,0.38758215388448353,0,37.424553780901014,34.236536236602035,0,0.99993243243243246,0,0,0.95767519481605579
17/07/2023 12:00:00 am,234.07650674425736,0.75376487306024131,0.011822738022758017,0.38322964192062003,0,38.178318653961256,34.926091509364554,0,1,0.70000132701036932,0,0.96072049342323851
18/07/2023 12:00:00 am,233.65629549947403,0.83958997596975138,0.012291880369275532,0.40708685081714657,0,39.017908629931007,35.694160857751697,0,1,0.78999999999999204,0,0.96381827398255016
19/07/2023 12:00:00 am,233.19721088752823,0.89073030171586254,0.012387877143126502,0.41925781262695305,0,39.90863893164687,36.509014133765838,0,1,1.0799999999999841,0,0.96680000642169572
20/07/2023 12:00:00 am,232.75535944413889,0.85751862674376866,0.011690208416780479,0.40397697493762846,0,40.766157558390638,37.293484877490698,0,1,4.5200000000000102,0,0.96940501057330186
21/07/2023 12:00:00 am,232.28239737841886,0.89668970262265901,0.011688324148110496,0.41203931275450495,0,41.662847261013297,38.113789901741796,0,1,4.2199999999999989,0,0.97187966211960974
22/07/2023 12:00:00 am,231.73857807703757,0.99438521211664721,0.01218901753016155,0.43837689320518464,0,42.657232473129945,39.023468225418874,0,1,5.6400000000000148,0,0.9743578880841619
23/07/2023 12:00:00 am,231.18176991258099,1.0052296653926831,0.011899041617851935,0.43652245931823241,0,43.662462138522628,39.943067215611435,0,1,1.75,0,0.97661048098466763
24/07/2023 12:00:00 am,230.62027914943644,1.0041079873800243,0.011530357004232883,0.43108686723129636,0,44.666570125902652,40.861640078140574,0,1,3.089999999999975,0,0.97863586539484426
25/07/2023 12:00:00 am,230.06478881920094,0.98805554719682931,0.011073273845795484,0.42149194311553784,0,45.654625673099481,41.765527930576184,0,1,0.60999999999998522,0,0.98043425961544972
26/07/2023 12:00:00 am,229.53908497000691,0.93912118570553815,0.010411843565151457,0.40300549294635862,0,46.593746858805019,42.62464990416607,0,1,0.85999999999998522,0,0.98198405206427786
27/07/2023 12:00:00 am,228.91585225629268,1.0721492004690987,0.011125764058192544,0.4377907226966733,0,47.665896059274118,43.605467876447065,0,1,0.96000000000000796,0,0.98358403708483344
28/07/2023 12:00:00 am,228.2141489771588,1.1777871380016265,0.011604518100540417,0.46447934076720887,0,48.843683197275745,44.682924998989293,0,1,0.55000000000001137,0,0.98515725033054002
29/07/2023 12:00:00 am,227.50836762063523,1.1750967720759249,0.011253635343237534,0.45806178020907978,0,50.018779969351669,45.757920934925416,0,0.99587837837837834,0,0,0.98655754817692909
30/07/2023 12:00:00 am,226.78154019340826,1.1972007950719288,0.011103307420384567,0.45927006042455565,0,51.215980764423598,46.853137958565284,0,1,0.83004513847794215,0,0.98783152143031971
31/07/2023 12:00:00 am,226.02879687989366,1.2262542838797899,0.011008609483155851,0.46250236088203051,0,52.442235048303388,47.974933544188652,0,1,4.9699999999999704,0,0.98899612792560732
1/08/2023 12:00:00 am,225.16810449120169,1.3725207114819398,0.011718596807895665,0.50010972598203307,0,53.814755759785328,49.23053582469251,0,1,1.0800000000000125,0,0.99015245763481996
2/08/2023 12:00:00 am,224.22565206856234,1.4808046503079026,0.012133528291101925,0.52621869937747601,0,55.295560410093231,50.585197856640839,0,0.99716216216216225,0,0,0.99124870541715893
3/08/2023 12:00:00 am,223.25374807290507,1.5125461536182172,0.011996990701831578,0.52864516725910826,0,56.808106563711448,51.968897486061948,0,1,0.98002205352807437,0,0.99222875677616529
4/08/2023 12:00:00 am,222.33877867713528,1.4213201224585887,0.011073669468544267,0.49527705722025117,0,58.229426686170036,53.269142190681471,0,1,1.4499999999999886,0,0.99303873466299786
5/08/2023 12:00:00 am,221.53134149674247,1.2645366857615912,0.0098679299752859606,0.44723157539346087,0,59.493963371931628,54.425959084693005,0,1,0.69999999999998863,0,0.99368066097915864
6/08/2023 12:00:00 am,220.70374432450529,1.286502344861951,0.0097893552840702114,0.4491158173407474,0,60.780465716793579,55.602870489066717,0,1,0.090000000000003411,0,0.99426685115108793
7/08/2023 12:00:00 am,219.83539726024918,1.336582586705255,0.0098718680334144437,0.45836365441574056,0,62.117048303498834,56.82559604060819,0,1,1.539999999999992,0,0.99481270009943068
8/08/2023 12:00:00 am,218.89430705463155,1.4303799811606197,0.010195018268731815,0.4790947572742778,0,63.547428284659453,58.13412883818846,0,1,4.8100000000000023,0,0.99533402444951724
9/08/2023 12:00:00 am,218.03967942410054,1.3072344358386303,0.0093250385559286997,0.44328176675169345,0,64.854662720498084,59.330006266529729,0,1,3.0600000000000023,0,0.99576034031548999
10/08/2023 12:00:00 am,217.35079841302405,1.0841209538972976,0.0080630092517424146,0.38717693356908212,0,65.938783674395381,60.321776176206143,0,0.99851351351351347,0,0,0.99608155648124908
11/08/2023 12:00:00 am,216.60362028252126,1.1575080784939331,0.0082943849717480589,0.40203556301940208,0,67.096291752889314,61.380681714680222,0,0.99675680020147284,0,0,0.9963954050748236
12/08/2023 12:00:00 am,215.75765565730984,1.2844310814309239,0.0087797023672635532,0.42968675385227556,0,68.380722834320238,62.555698296581852,0,0.99675688666502438,0,0,0.99671193922313817
13/08/2023 12:00:00 am,214.85921878315912,1.3503856072626661,0.0089622728365554849,0.44298646027546446,0,69.731108441582904,63.791051055818428,0,1,3.0100289152894106,0,0.99701248004170395
14/08/2023 12:00:00 am,213.92381592240008,1.3957473636852882,0.0090404191751929375,0.45130408375101383,0,71.126855805268193,65.067901421856448,0,1,3.5600000000000023,0,0.99729215871769605
15/08/2023 12:00:00 am,213.01670090712946,1.3546376316753452,0.0087057560678687196,0.4388168603368971,0,72.481493436943538,66.307143996018709,0,1,2.4899999999999807,0,0.99753679391883543
16/08/2023 12:00:00 am,212.15071908793368,1.2975584940925984,0.0083204205440523538,0.42325625435271153,0,73.779051931036136,67.494169729503426,0,1,0.15000000000000568,0,0.99774899933277095
17/08/2023 12:00:00 am,211.13675155094938,1.4897740033010365,0.0090900450575617242,0.46671642125913804,0,75.268825934337173,68.857037058449194,0,1,1.539999999999992,0,0.99796881095202639
18/08/2023 12:00:00 am,210.06760880062842,1.5598055415505314,0.0092851646997331727,0.48137762652979826,0,76.828631475887704,70.28397027608986,0,1,2.5200000000000102,0,0.99817468156554368
19/08/2023 12:00:00 am,209.04588559630486,1.4933721633386483,0.0088428072477597652,0.46280615176737749,0,78.322003639226352,71.650129255144094,0,1,0.59000000000000341,0,0.99835117151656849
20/08/2023 12:00:00 am,208.0070948482163,1.5130993128194206,0.0088132425522076119,0.46549532217862444,0,79.835102952045773,73.034334922797427,0,1,0.32999999999998408,0,0.99851175541954063
21/08/2023 12:00:00 am,206.95132866539979,1.5329014325248096,0.0087874338214817271,0.46834781588681229,0,81.368004384570582,74.436655862921981,0,0.99655405405405395,0,0,0.99865780077757671
22/08/2023 12:00:00 am,205.88391837335143,1.5458724030811197,0.0087349037858217571,0.46972720724691525,0,82.913876787651702,75.850842839073948,0,1,0.080005003508802019,0,0.9987900011356281
23/08/2023 12:00:00 am,204.77220004129401,1.6022855783872387,0.0088777697763049446,0.48168947655354016,0,84.516162366038941,77.316637423746741,0,0.99128378378378379,0,0,0.99891282464911468
24/08/2023 12:00:00 am,203.57666596359434,1.7118064777783388,0.0092595164336444213,0.50701288364501829,0,86.22796884381728,78.882623349714322,0,0.99054061481322686,0,0,0.99902989331053982
25/08/2023 12:00:00 am,202.2834234078249,1.8412922573260744,0.0097380082807489998,0.53831169327587014,0,88.069261101143354,80.567064785120024,0,0.99067583226024158,0,0,0.99914144115923742
26/08/2023 12:00:00 am,200.90709439930407,1.9524970402165422,0.01013847021513925,0.5660295614805857,0,90.021758141359896,82.353238003392192,0,1,0.30003372737763812,0,0.99924548319545392
27/08/2023 12:00:00 am,199.55757882993061,1.9142597079007402,0.0098410943526516803,0.55490304417459391,0,91.936017849260637,84.104431143582872,0,1,0.020000000000010232,0,0.99933507392200571
28/08/2023 12:00:00 am,198.26482494510833,1.8363246909710256,0.009384018986182241,0.53418678716256018,0,93.772342540231662,85.784328175693418,0,0.99006756756756753,0,0,0.99941092489546401
29/08/2023 12:00:00 am,196.95835658830839,1.8544905780487539,0.0093751763252498677,0.53864704492357252,0,95.626833118280416,87.480843630426904,0,0.98493248840543612,0,0,0.99947872760437595
30/08/2023 12:00:00 am,195.63881466496542,1.8723254703186285,0.0093711708508266156,0.5434123761248425,0,97.499158588599045,89.193674708829491,0,0.99412174325940827,0,0,0.99953929316063517
31/08/2023 12:00:00 am,194.35010504751631,1.8312336769653257,0.0091153519924347393,0.53340870752380432,0,99.33039226556437,90.868914405905187,0,0.99222987568828813,0,0,0.99959177531912746
1/09/2023 12:00:00 am,193.053520437982,1.8429911097841796,0.0091000517870440945,0.53730644846282605,0,101.17338337534855,92.554909976707748,0,0.98750018200430234,0,0,0.99963864494016741
2/09/2023 12:00:00 am,191.68336186861512,1.9449833836298325,0.0094876212433092633,0.56533719301968499,0,103.11836675897838,94.334209590620972,0,0.98702725731454866,0,0,0.99968239908751688
3/09/2023 12:00:00 am,190.32240655607995,1.9348718634063431,0.0093864319310625888,0.56453011894004457,0,105.05323862238473,96.104259036033426,0,0.98513541192107301,0,0,0.99972080060551816
4/09/2023 12:00:00 am,189.03866552412291,1.8322872482535644,0.0088923060682901678,0.53965391022824993,0,106.88552587063829,97.780462555732043,0,0.98810842954639244,0,0,0.99975300929111621
5/09/2023 12:00:00 am,187.77327626958783,1.8105086746540309,0.0087612540427102203,0.53635816607625186,0,108.69603454529232,99.436742713656287,0,1,0.020051473579997037,0,0.99978131770224687
6/09/2023 12:00:00 am,186.51677688004071,1.8020534318483925,0.0086939793333158377,0.53686006296795508,0,110.49808797714071,101.0852878901991,0,0.99195945945945951,0,0,0.99980640728055126
7/09/2023 12:00:00 am,185.28140507267284,1.7773448942048731,0.0085643793131850998,0.53340870752380432,0,112.27543287134559,102.71122933045319,0,0.98087839701657664,0,0,0.99982846592764363
8/09/2023 12:00:00 am,184.05194566898564,1.7738467066204038,0.0085307301426098547,0.53585657279065146,0,114.04927957796599,104.33397057687998,0,0.97195951930909319,0,0,0.99984810766232723
9/09/2023 12:00:00 am,182.86527829564267,1.7202428888352443,0.0082923786128645816,0.52528313687939754,0,115.76952246680123,105.9076742566663,0,0.96540550869465713,0,0,0.99986513062718929
10/09/2023 12:00:00 am,181.74519838102646,1.6332324089134289,0.0079114042098495929,0.50524109008738871,0,117.40275487571466,107.40177946037599,0,0.95918934312064286,0,0,0.99987963649060929
11/09/2023 12:00:00 am,180.57606912767892,1.701748456310014,0.0081463789630049632,0.5244728239994545,0,119.10450333202468,108.95856415929666,0,0.9548650806365202,0,0,0.99989320775092261
12/09/2023 12:00:00 am,179.34871379795379,1.7779569304114347,0.0083524691370371329,0.54224913154926202,0,120.88246026243611,110.58506549933969,0,0.94331108399218255,0,0,0.99990587511686702
13/09/2023 12:00:00 am,178.06174108451944,1.8649279776307139,0.0086928980663003586,0.56926236613003012,0,122.74738824006683,112.29112924183892,0,0.93858142048047877,0,0,0.99991767713080471
14/09/2023 12:00:00 am,176.76879770153084,1.8809058057373278,0.0087660195674175156,0.57919640318132415,0,124.62829404580415,114.01180973819862,0,0.93628417979042899,0,0,0.99992820728379095
15/09/2023 12:00:00 am,175.48589078816508,1.8647711339033748,0.0085991513672496467,0.57326506917034514,0,126.49306517970753,115.71772999773243,0,0.9241220822716637,0,0,0.9999374355883488
16/09/2023 12:00:00 am,174.14381107964016,1.9506238733676327,0.0089135521401715323,0.59963061270257401,0,128.44368905307516,117.5021896152206,0,0.91324377040962668,0,0,0.99994594157063688
17/09/2023 12:00:00 am,172.78935013661248,1.9652309441485727,0.0088649641471931773,0.60190503697374909,0,130.40891999722373,119.30001199746023,0,0.89702763058302781,0,0,0.99995345882443243
18/09/2023 12:00:00 am,171.57338900679309,1.7845178249471019,0.0081799748872271039,0.56037672024046492,0,132.19343782217084,120.93251534102293,0,0.90202769825803808,0,0,0.99995947172699429
19/09/2023 12:00:00 am,170.48910806727446,1.609990621205668,0.007502147842899376,0.51820753384412688,0,133.8034284433765,122.40535861301481,0,0.90364936477833202,0,0,0.99996430245872592
20/09/2023 12:00:00 am,169.42032438196196,1.5946372973228335,0.0074457760367181436,0.5184078359736396,0,135.39806574069934,123.864156436862,0,0.89878454286025045,0,0,0.99996858634446217
21/09/2023 12:00:00 am,168.36063654975027,1.5838303435243688,0.0073639371282183674,0.5167785741844535,0,136.98189608422371,125.31306789927135,0,0.88851431223575617,0,0,0.99997239469800903
22/09/2023 12:00:00 am,167.27379005853766,1.6254888178467013,0.0075082769618859402,0.53113404967218769,0,138.60738490207041,126.80008915115332,0,0.87729813416733116,0,0,0.99997588469817267
23/09/2023 12:00:00 am,166.17943246565568,1.6415748589284362,0.0075667402479666634,0.53965052579851391,0,140.24895976099884,128.30182615172856,0,0.86723060834379206,0,0,0.9999790205709429
24/09/2023 12:00:00 am,165.03277840589607,1.7322195434534251,0.008029478183814831,0.57753600551001016,0,141.98117930445227,129.88648625259151,0,0.86162253910109055,0,0,0.99998194839904708
25/09/2023 12:00:00 am,163.95253009507081,1.6527932794006119,0.0077840703968661273,0.56476089817847175,0,143.63397258385288,131.39848603041358,0,0.8623658114897631,0,0,0.99998441392295467
26/09/2023 12:00:00 am,162.93505355495341,1.5697942353803001,0.0074470033413120973,0.54487069192157778,0,145.20376681923318,132.83455705315035,0,0.85567665245632907,0,0,0.99998648878646512
27/09/2023 12:00:00 am,161.93216113088369,1.5637108989566855,0.0074998248434212655,0.55331865004352787,0,146.76747771818987,134.2650629496033,0,0.85175776086734367,0,0,0.99998832243066504
28/09/2023 12:00:00 am,160.99687244659833,1.4705612848622991,0.0071006337422829802,0.5281719668346968,0,148.23803900305217,135.61035419908845,0,0.84324427174243821,0,0,0.99998985468535839
29/09/2023 12:00:00 am,160.09564292466735,1.4256959291009252,0.0069032194068512354,0.51756318776306021,0,149.66373493215309,136.91460195645115,0,0.83175780674472433,0,0,0.99999117891369926
30/09/2023 12:00:00 am,159.14976153310744,1.5055005812891409,0.007307400442741141,0.55231178928644964,0,151.16923551344223,138.29185619192677,0,0.81952810286217526,0,0,0.99999242088115869
1/10/2023 12:00:00 am,158.22501787145393,1.4871642637738489,0.0072836378811729219,0.5551369642391345,0,152.65639977721608,139.65233609249026,0,0.81013623156292602,0,0,0.99999350482483917
